# Plasma response B_external on NCSX boundary
# nphi=24, ntheta=24
# iphi itheta bx by bz |b|
   1   1 -1.44428844E+16  1.55982427E+16 -4.23964083E+15  2.16766381E+16
   1   2 -4.76339913E+18  4.47566082E+19 -1.03424777E+18  4.50212574E+19
   1   3 -2.04795096E+17  8.21284881E+17 -1.37912921E+18  1.61816169E+18
   1   4  3.14401215E+17  6.97609341E+18 -2.82466387E+18  7.53282506E+18
   1   5  5.51972976E+17 -1.71039204E+18 -3.88006769E+18  4.27610107E+18
   1   6  3.87528236E+17 -7.75067948E+17 -8.48425808E+17  1.21273856E+18
   1   7  1.96231557E+18 -1.80512003E+18 -2.75867413E+18  3.83659011E+18
   1   8  1.08176536E+17 -1.45931921E+17  4.54736597E+16  1.87259558E+17
   1   9  1.43103088E+18 -1.12586869E+18 -2.15912339E+18  2.82440144E+18
   1  10  2.57025874E+17 -3.24935079E+17  9.47756487E+15  4.14409133E+17
   1  11 -2.44379573E+18 -2.69070034E+18 -1.51606877E+18  3.93833345E+18
   1  12  3.74813868E+17 -7.39633983E+17  1.61233294E+17  8.44712992E+17
   1  13  9.24782552E+18  6.87441740E+18  2.58415043E+18  1.18092220E+19
   1  14 -1.34217102E+19  1.99391604E+19 -1.20127480E+19  2.68704026E+19
   1  15 -3.90938489E+18 -4.93151737E+18  1.94714264E+16  6.29313380E+18
   1  16 -3.62346721E+18 -2.42812176E+18  4.09524489E+18  5.98300264E+18
   1  17 -6.54870718E+17 -6.53286653E+16 -1.04558879E+17  6.66375308E+17
   1  18  2.97310900E+16 -6.23697730E+17 -3.43511267E+17  7.12658956E+17
   1  19 -1.68196711E+18 -9.64459087E+17 -2.63041869E+16  1.93904270E+18
   1  20  6.31357270E+16 -2.85951066E+17 -6.94790754E+17  7.53981647E+17
   1  21 -2.51967193E+18  1.14289257E+19  1.51655207E+19  1.91562550E+19
   1  22  4.68623888E+17  7.48814000E+17  3.17240161E+17  9.38601126E+17
   1  23  1.91407419E+18 -6.48984920E+17  5.85178421E+17  2.10411388E+18
   1  24  5.02994807E+18  6.54935242E+18  2.89584973E+18  8.75101939E+18
   2   1 -7.17538288E+17  4.68474523E+18  1.28679543E+18  4.91096136E+18
   2   2 -8.39526296E+18  1.31637786E+20  2.22496275E+19  1.33768581E+20
   2   3 -4.14974539E+18  6.19403230E+18  9.16145482E+18  1.18118025E+19
   2   4 -5.58915948E+19  3.62662182E+19  1.55224145E+19  6.84109224E+19
   2   5  8.54511647E+18 -8.65546423E+18  1.99532866E+19  2.33681348E+19
   2   6  2.21093788E+18 -8.54343034E+18 -2.51347555E+18  9.17583826E+18
   2   7  2.52598699E+19 -1.48439849E+19  1.89897467E+19  3.49144010E+19
   2   8 -8.69567806E+19 -1.18384363E+19  2.61505144E+19  9.15722648E+19
   2   9  4.40809666E+19 -1.75158836E+19  5.45899397E+19  7.23187341E+19
   2  10  7.41236212E+18 -1.07548226E+19 -7.60077247E+17  1.30838464E+19
   2  11  2.59909328E+21 -1.68595256E+20 -1.12589770E+19  2.60458001E+21
   2  12 -4.07347903E+17 -3.46270003E+19  1.05277138E+18  3.46453952E+19
   2  13  1.36555654E+19 -2.29884799E+19  3.25667602E+18  2.69360468E+19
   2  14  1.33230609E+19 -2.48326267E+19 -9.87572848E+18  2.98612343E+19
   2  15  5.75488642E+19 -5.30731031E+19  8.07836866E+18  7.87012458E+19
   2  16  2.63952978E+18  5.54981083E+18  1.22092622E+19  1.36687089E+19
   2  17 -3.45987148E+18 -1.06455659E+20  1.64697898E+19  1.07777697E+20
   2  18  7.71176193E+18  8.61476024E+18  9.58138267E+18  1.50162665E+19
   2  19 -1.21112718E+20 -1.27161334E+20 -1.06082878E+19  1.75928483E+20
   2  20 -5.51403385E+17 -3.93389174E+18 -1.40655323E+19  1.46157022E+19
   2  21 -1.10303958E+18 -2.14491233E+18 -2.55110199E+18  3.51076439E+18
   2  22  7.23687509E+20 -2.00157545E+20 -1.16226228E+20  7.59799441E+20
   2  23  2.36056691E+19  1.24077836E+19 -6.19178062E+18  2.73773420E+19
   2  24  1.60096754E+19  2.62881544E+19 -5.47089759E+18  3.12619176E+19
   3   1  1.63157434E+19 -6.42262644E+18 -3.04933178E+19  3.51752192E+19
   3   2  3.17264349E+19 -1.77669580E+20 -7.87255675E+19  1.96902924E+20
   3   3  1.17523680E+19 -1.46536916E+19 -2.66229011E+19  3.25826287E+19
   3   4  8.75926573E+19 -3.75124902E+19 -1.96503600E+19  9.72923285E+19
   3   5 -4.86107195E+18 -4.01957210E+18 -2.22935892E+19  2.31687527E+19
   3   6 -8.22878633E+18  1.00415286E+19  5.55329092E+18  1.41203492E+19
   3   7 -6.20892603E+19  1.69573535E+19 -6.94289373E+19  9.46731505E+19
   3   8  3.60491988E+19  3.71303631E+19 -2.92208991E+19  5.94312169E+19
   3   9 -8.23196447E+19 -2.82585308E+19 -2.13417360E+20  2.30482186E+20
   3  10 -1.54008535E+19  9.18904618E+18  2.63290348E+18  1.81261424E+19
   3  11 -4.79284975E+20 -1.15108684E+20 -4.71300717E+20  6.81973945E+20
   3  12 -1.46013497E+19  3.17808558E+19 -3.93734072E+18  3.51955233E+19
   3  13 -3.38315576E+19  1.07784407E+19 -6.88242634E+18  3.61678983E+19
   3  14 -3.29987620E+19  1.90742439E+19  8.88370191E+18  3.91364949E+19
   3  15 -9.36362782E+19 -2.35700382E+19 -2.64045569E+19  1.00102447E+20
   3  16 -2.37212033E+18 -6.64282281E+18 -2.92157722E+19  3.00552057E+19
   3  17  2.07962574E+19  1.49957558E+20 -1.22492420E+20  1.94741229E+20
   3  18  3.65244480E+18 -3.20642743E+19 -2.12690871E+19  3.86501243E+19
   3  19 -2.35282588E+19  5.11262366E+19 -3.05041166E+19  6.40154057E+19
   3  20 -6.75294398E+18  7.53806608E+18  3.50024146E+19  3.64361595E+19
   3  21  1.27280844E+18  3.75721559E+18 -2.19752346E+18  4.53495531E+18
   3  22 -3.04675678E+20  2.06644320E+20 -4.95036192E+20  6.16919747E+20
   3  23 -1.70643705E+19 -5.40217652E+19 -4.22472500E+19  7.06708850E+19
   3  24  3.18568219E+18 -3.97650023E+19  5.68789155E+19  6.94738441E+19
   4   1 -5.71823482E+17  2.19425394E+18  1.12552607E+17  2.27033049E+18
   4   2  4.17502965E+18  8.27054730E+19  4.09192976E+19  9.23689074E+19
   4   3 -5.52519572E+18  6.19408793E+18  1.07394953E+19  1.35731821E+19
   4   4 -3.38091483E+19  2.82377253E+19  8.13771822E+18  4.47956482E+19
   4   5  1.25442149E+18 -1.47953840E+18  7.84525195E+18  8.08149647E+18
   4   6  2.81000394E+18 -2.99550713E+18 -1.23820251E+18  4.28979376E+18
   4   7  2.10679296E+19 -6.65607048E+18  2.13087879E+19  3.06956899E+19
   4   8 -1.72345209E+19 -1.46369554E+19  1.47763498E+18  2.26594921E+19
   4   9  3.57843813E+19 -9.91994226E+17  5.32341003E+19  6.41511919E+19
   4  10  5.41490691E+18 -5.88276465E+18 -3.85314609E+17  8.00478632E+18
   4  11  1.18509248E+20 -3.08158005E+19  8.01410584E+19  1.46344268E+20
   4  12  2.79244472E+17 -1.33629706E+19  4.45282596E+17  1.33733032E+19
   4  13  1.10465941E+19 -6.44092350E+18  7.92918013E+17  1.28117702E+19
   4  14  1.06131698E+19 -1.08051556E+19 -1.41464697E+18  1.52115741E+19
   4  15  2.57757460E+19 -4.92124881E+18  6.75444820E+18  2.70966851E+19
   4  16  1.96464275E+18  3.69737609E+18  8.02417186E+18  9.05084224E+18
   4  17 -3.78808202E+19 -9.86570736E+19  1.52176036E+19  1.06769613E+20
   4  18  1.83642436E+18  3.12011932E+18  7.04099589E+17  3.68827266E+18
   4  19  1.31343546E+19 -3.30328721E+19  6.32093321E+18  3.61059012E+19
   4  20  1.04860368E+18 -2.88486118E+18 -9.07927984E+18  9.58411791E+18
   4  21 -1.78247154E+17 -1.64958765E+18 -1.96655884E+18  2.57298759E+18
   4  22  9.51469098E+18  3.70855616E+19 -1.57275774E+19  4.13911212E+19
   4  23  1.26574341E+19  1.13781087E+19 -3.52813709E+18  1.73815922E+19
   4  24  1.08105434E+18  1.25485098E+19 -2.81322001E+18  1.29053471E+19
   5   1  2.19100082E+19 -1.15046860E+18 -3.68716173E+19  4.29055730E+19
   5   2  7.39709802E+19 -1.26239733E+20 -9.59859147E+19  1.74989919E+20
   5   3  1.39410017E+19 -1.42690427E+19 -4.71298760E+19  5.11779476E+19
   5   4  7.44442973E+19 -1.82536231E+19 -1.05210497E+19  7.73682147E+19
   5   5 -1.87834511E+17 -1.25404339E+19 -2.14541236E+19  2.48511003E+19
   5   6 -7.71711551E+18 -9.17248156E+16  8.96985001E+17  7.76961179E+18
   5   7 -3.65671599E+19 -2.89008301E+19 -1.22739054E+20  1.31290863E+20
   5   8  6.13514794E+18  2.63673041E+19 -1.88598591E+19  3.29934698E+19
   5   9 -4.17318002E+19 -5.91212223E+19 -2.19558470E+20  2.31176954E+20
   5  10 -1.49267826E+19  2.49077599E+18  2.66356354E+18  1.53657858E+19
   5  11 -1.10479297E+20 -4.83912003E+19 -1.67748975E+20  2.06608572E+20
   5  12 -1.31762662E+19  1.42145233E+19 -3.74246147E+18  1.97401287E+19
   5  13 -2.78082661E+19 -5.18487954E+18 -4.23028942E+18  2.86020627E+19
   5  14 -3.20791363E+19  2.78857942E+18  2.97308090E+18  3.23370742E+19
   5  15 -1.95454132E+19 -1.68141043E+19 -6.98631536E+18  2.67122796E+19
   5  16 -4.10281354E+18 -6.53734712E+18 -3.32210928E+19  3.41058791E+19
   5  17 -6.24348850E+19  1.64122952E+20 -2.13861475E+20  2.76714996E+20
   5  18  2.97939786E+18 -1.55524013E+19 -1.86529813E+18  1.59446962E+19
   5  19 -1.63313310E+19  1.51841588E+19 -1.53280671E+19  2.70595767E+19
   5  20 -1.11649213E+19  5.61724568E+18  4.51196896E+19  4.68187496E+19
   5  21  5.76732703E+17  2.75005657E+18 -6.62299021E+18  7.19440276E+18
   5  22 -6.53468026E+19 -1.21023153E+19 -9.35488112E+18  6.71132211E+19
   5  23  1.20447233E+19 -3.49257414E+19 -5.36147794E+19  6.51108849E+19
   5  24  4.90119075E+18 -1.18596887E+19  3.90070125E+19  4.10636202E+19
   6   1  4.51499303E+17  1.16391337E+18 -2.07887551E+18  2.42492666E+18
   6   2  8.33618539E+18  5.27313510E+19  2.83906109E+19  6.04658098E+19
   6   3 -3.17860747E+18  4.68409865E+18  9.52868974E+18  1.10833322E+19
   6   4 -1.79016377E+19  1.92461657E+19  4.06723602E+18  2.65974799E+19
   6   5  2.75980363E+18 -1.54294118E+18  3.21775223E+18  4.51122078E+18
   6   6  1.59536661E+18 -5.88623128E+17  1.15661248E+16  1.70053097E+18
   6   7  1.66779839E+19  1.10578729E+18  1.40132844E+19  2.18116953E+19
   6   8 -4.59749553E+18 -6.17492441E+18 -3.17598681E+17  7.70503248E+18
   6   9  2.78660904E+19  9.09894860E+18  2.79167667E+19  4.04803128E+19
   6  10  3.69256712E+18 -3.36070687E+18  3.95826274E+16  4.99309216E+18
   6  11  3.16684916E+19 -9.66185642E+18  1.34167813E+19  3.57247092E+19
   6  12  4.47728179E+16 -5.49130981E+18  5.94226953E+17  5.52354901E+18
   6  13  5.83609963E+18 -1.89626639E+18 -8.86289110E+17  6.20011238E+18
   6  14  5.32523316E+18 -3.83022824E+18 -3.25829789E+17  6.56771814E+18
   6  15  9.32853822E+18  4.06874667E+17  1.25576221E+18  9.42147075E+18
   6  16  1.93804690E+18  2.11261590E+18  3.35444597E+18  4.41264994E+18
   6  17 -7.38269053E+19 -5.85916156E+19 -4.68462003E+18  9.43680827E+19
   6  18  4.81755730E+17 -4.60867080E+16  2.36816185E+16  4.84534196E+17
   6  19  5.91592583E+18 -7.77753615E+18  1.26125188E+17  9.77262270E+18
   6  20 -2.40871683E+17 -1.47333869E+18 -3.59112702E+18  3.88907950E+18
   6  21 -7.99744705E+15 -8.86399752E+17 -1.78317585E+18  1.99135245E+18
   6  22 -5.75448664E+18  5.90660674E+18 -2.53481255E+18  8.62713130E+18
   6  23  5.52457363E+18  7.59756857E+18 -5.42989164E+18  1.08502389E+19
   6  24 -9.89269954E+17  4.88335116E+18  2.57557695E+17  4.98919929E+18
   7   1  1.08303177E+19  4.27705103E+18 -4.12106944E+19  4.28241786E+19
   7   2  8.64590607E+19 -1.09437122E+20 -1.08897031E+20  1.76946931E+20
   7   3 -8.15616711E+18 -1.97667780E+19 -6.39239003E+19  6.74055903E+19
   7   4  5.91806341E+19 -1.77023178E+18 -1.05700326E+19  6.01432187E+19
   7   5 -1.41887043E+19 -1.29116490E+19 -1.83358406E+19  2.65373898E+19
   7   6 -3.52486547E+18 -2.27790061E+18  1.76758093E+17  4.20056559E+18
   7   7 -1.92506282E+19 -5.11792081E+19 -1.12473213E+20  1.25060472E+20
   7   8 -3.06860481E+18  1.28643693E+19 -1.64706905E+19  2.11232568E+19
   7   9 -2.88513149E+19 -9.72497942E+19 -1.77351190E+20  2.04311931E+20
   7  10 -1.10676698E+19 -2.76907282E+18  4.39815922E+18  1.22272190E+19
   7  11 -6.66321918E+19 -4.39960960E+19 -7.02698851E+19  1.06364290E+20
   7  12 -1.07692353E+19  4.57866991E+18 -2.36764385E+18  1.19392790E+19
   7  13 -1.98008219E+19 -1.07657733E+19  3.49415368E+18  2.28075324E+19
   7  14 -2.56260186E+19 -6.23050562E+18  5.73006961E+18  2.69878811E+19
   7  15 -5.59732883E+18 -1.43041124E+19 -1.49957110E+18  1.54332898E+19
   7  16 -1.28293271E+19 -6.00959818E+18 -3.14313441E+19  3.44766051E+19
   7  17 -2.07834736E+20  1.99194764E+20 -1.24312232E+20  3.13571941E+20
   7  18  5.21673409E+18 -2.45026330E+18  4.37534958E+17  5.78009876E+18
   7  19 -1.36403742E+19  3.28724769E+17 -5.37670496E+18  1.46654977E+19
   7  20 -2.31177676E+17  2.29061954E+18  5.23364225E+19  5.23870356E+19
   7  21 -1.71431127E+18  1.81462900E+18 -8.05042871E+18  8.42859086E+18
   7  22 -1.84329822E+19  8.47836829E+18  2.19647921E+19  2.99016664E+19
   7  23  7.64022554E+18 -1.69091802E+19 -5.45198231E+19  5.75908373E+19
   7  24  9.61704438E+18 -3.45004560E+18  2.69954450E+19  2.88642410E+19
   8   1  8.09894819E+16  1.07745155E+18 -6.30094804E+18  6.39291853E+18
   8   2  1.17248266E+19  2.93136637E+19  2.75248092E+17  3.15727446E+19
   8   3 -2.76097102E+18  1.73220125E+18  7.54087362E+17  3.34546408E+18
   8   4 -4.29425255E+18  1.17570146E+19 -1.32131876E+18  1.25862576E+19
   8   5  1.73317100E+18 -2.44515659E+18 -1.44972379E+17  3.00061485E+18
   8   6  6.56622715E+17 -2.14633610E+17  2.01443974E+17  7.19583665E+17
   8   7  8.84574131E+18  3.89474643E+17 -2.00215830E+18  9.07785590E+18
   8   8 -1.65182426E+18 -1.76992570E+18 -1.44623958E+18  2.82006548E+18
   8   9  1.24957242E+19  3.38748020E+17 -6.17277150E+18  1.39413407E+19
   8  10  1.90472775E+18 -2.12176609E+18  8.55086730E+17  2.97675200E+18
   8  11  6.00134976E+18 -7.03969724E+18 -2.25026953E+18  9.52035971E+18
   8  12 -8.28366599E+17 -2.10765477E+18  7.23989132E+17  2.37751133E+18
   8  13  1.46535037E+18 -2.06592904E+18 -5.67959782E+17  2.59574513E+18
   8  14  5.69917301E+16 -1.46794207E+18  3.40809106E+17  1.50806261E+18
   8  15  3.48342921E+18 -4.27567476E+17 -6.54587696E+17  3.57009496E+18
   8  16 -3.62423939E+17  5.50695822E+17 -1.76297892E+18  1.88220925E+18
   8  17 -1.00564015E+20  3.54380201E+17  1.20955170E+19  1.01289428E+20
   8  18  8.92997146E+17 -1.91961690E+17  1.22612106E+17  9.21589346E+17
   8  19  7.19762488E+17 -3.57311762E+18 -1.21128391E+18  3.84089004E+18
   8  20  3.65093243E+17 -9.21374900E+17  4.70706242E+18  4.81026625E+18
   8  21 -5.51901740E+17 -4.05153240E+17 -1.97375387E+18  2.08912637E+18
   8  22 -3.57737739E+18  2.65127993E+18  3.18368205E+18  5.47382368E+18
   8  23  8.25302892E+17  3.64315484E+18 -9.61591964E+18  1.03159882E+19
   8  24  4.54202877E+17  1.94725766E+18  2.86447396E+18  3.49332560E+18
   9   1 -3.28228454E+18  3.48528400E+18 -4.15059703E+19  4.17811700E+19
   9   2  7.36096592E+19 -9.84969380E+19 -1.19612822E+20  1.71543743E+20
   9   3 -2.24618832E+19 -3.53438802E+19 -5.26706193E+19  6.72898224E+19
   9   4  4.22529054E+19  1.30494269E+19 -1.42920565E+19  4.64742772E+19
   9   5 -2.95189162E+19 -1.84846607E+19 -1.35796062E+19  3.73825467E+19
   9   6 -1.41036174E+18 -2.09250431E+18  6.58412694E+17  2.60791139E+18
   9   7 -2.69190471E+18 -5.32126370E+19 -7.75645507E+19  9.41014911E+19
   9   8 -3.74229040E+18  3.43288830E+18 -1.37959850E+19  1.47009748E+19
   9   9 -4.55171517E+18 -1.14611945E+20 -1.24203302E+20  1.69065302E+20
   9  10 -5.24396612E+18 -5.17094421E+18  6.40934934E+18  9.76307347E+18
   9  11 -5.20236569E+19 -4.47742796E+19 -2.96266390E+19  7.47591782E+19
   9  12 -7.89328619E+18 -9.23530277E+17 -6.41472482E+17  7.97297698E+18
   9  13 -1.10962681E+19 -1.22581293E+19  8.60821392E+18  1.86410902E+19
   9  14 -1.87541639E+19 -9.61630311E+18  8.83002516E+18  2.28508489E+19
   9  15 -7.22252157E+16 -1.17269910E+19 -1.72487559E+17  1.17284819E+19
   9  16 -2.09727696E+19 -5.99089346E+18 -2.55823494E+19  3.36185138E+19
   9  17 -2.30079832E+20  2.06461214E+20  6.66927223E+19  3.16244970E+20
   9  18  5.48843656E+18  5.73364143E+18  3.74748065E+16  7.93718995E+18
   9  19 -1.01996129E+19 -7.84912438E+18 -7.25121894E+17  1.28905647E+19
   9  20  1.56450342E+19  6.13961470E+18  5.17897934E+19  5.44485506E+19
   9  21 -4.00628762E+18 -1.90332379E+17 -7.32573847E+18  8.35182680E+18
   9  22 -7.79745460E+18  1.83073367E+19  2.06876610E+19  2.87043236E+19
   9  23 -4.01765572E+18 -7.69295128E+18 -4.99390832E+19  5.06876226E+19
   9  24  1.15809207E+19  1.89802419E+18  1.87906407E+19  2.21541960E+19
  10   1 -1.90534162E+18  8.49429901E+17 -1.23754261E+19  1.25500211E+19
  10   2  1.80915859E+19 -1.46011559E+18 -2.74934465E+19  3.29443018E+19
  10   3 -6.29277897E+18 -7.85601560E+18 -9.68046155E+18  1.39652205E+19
  10   4  5.07146420E+18  9.39192440E+18 -4.79119294E+18  1.16997232E+19
  10   5 -5.44736741E+18 -5.77669169E+18 -2.46206213E+18  8.31298553E+18
  10   6  1.43715783E+17 -4.44188344E+17  2.84210285E+17  5.46564724E+17
  10   7  4.36859865E+18 -8.60557162E+18 -1.54034867E+19  1.81771263E+19
  10   8 -1.10821858E+18 -3.73880568E+17 -3.48670382E+18  3.67764037E+18
  10   9  5.08887449E+18 -2.51085594E+19 -2.95352562E+19  3.90981810E+19
  10  10  5.89758898E+17 -2.00772352E+18  2.00937706E+18  2.90109729E+18
  10  11 -8.58150122E+18 -1.25769979E+19 -5.53051337E+18  1.61990622E+19
  10  12 -1.79541672E+18 -1.41920911E+18  4.58950979E+17  2.33416188E+18
  10  13 -1.00312563E+18 -3.64682272E+18  1.76664701E+18  4.17452017E+18
  10  14 -3.75949897E+18 -2.77130472E+18  2.14498909E+18  5.13954673E+18
  10  15  1.58079149E+18 -2.33806166E+18 -5.19593415E+17  2.86974065E+18
  10  16 -5.46648528E+18 -1.37251010E+18 -6.34241158E+18  8.48483529E+18
  10  17 -1.02731079E+20  4.72922317E+19  4.02249910E+19  1.20034494E+20
  10  18  1.64993163E+18  1.80710891E+18  1.31039528E+17  2.45052818E+18
  10  19 -1.80486678E+18 -3.99584337E+18 -5.03106727E+17  4.41332354E+18
  10  20  5.03022474E+18  1.57023510E+18  1.41668641E+19  1.51151857E+19
  10  21 -1.33251361E+18 -5.10920336E+17 -2.48001829E+18  2.86131488E+18
  10  22 -2.67893163E+18  5.07771676E+18  6.35970372E+18  8.56771344E+18
  10  23 -1.94366171E+18  1.06355323E+17 -1.50179625E+19  1.51435904E+19
  10  24  2.68889606E+18  1.63631280E+18  5.08444083E+18  5.97990135E+18
  11   1 -3.84671349E+18  2.17176276E+18 -3.52894091E+19  3.55648163E+19
  11   2  6.47420613E+19 -6.13491288E+19 -1.06377466E+20  1.38821523E+20
  11   3 -1.29124791E+19 -3.13921797E+19 -3.70797105E+19  5.02703292E+19
  11   4  2.92600337E+19  1.91612004E+19 -1.07175922E+19  3.65809781E+19
  11   5 -2.15217277E+19 -2.13858220E+19 -1.01136355E+19  3.19816161E+19
  11   6 -3.70975878E+17 -1.72912992E+18  7.38901172E+17  1.91663463E+18
  11   7  9.97238357E+18 -3.25240312E+19 -5.64330985E+19  6.58935175E+19
  11   8 -2.51266397E+18  8.10638469E+17 -1.00575847E+19  1.03983473E+19
  11   9  1.68781131E+19 -8.50082543E+19 -9.80726170E+19  1.30879762E+20
  11  10 -2.00936164E+18 -5.07453501E+18  5.56952155E+18  7.79794910E+18
  11  11 -3.12863315E+19 -3.95519568E+19 -1.83195651E+19  5.36544340E+19
  11  12 -6.05045912E+18 -2.52276165E+18 -3.55558134E+17  6.56496790E+18
  11  13 -5.24437297E+18 -1.14080649E+19  6.99612640E+18  1.43733495E+19
  11  14 -1.30316123E+19 -1.04951747E+19  6.11960104E+18  1.78163163E+19
  11  15  1.88304220E+18 -7.88790506E+18 -3.73699642E+17  8.11816147E+18
  11  16 -1.88862436E+19 -7.59348214E+18 -2.24612302E+19  3.03126711E+19
  11  17 -1.88872049E+20  1.27967590E+20  8.87439100E+19  2.44793457E+20
  11  18  3.83323440E+18  5.79308825E+18  1.86233991E+17  6.94897407E+18
  11  19 -5.91967924E+18 -8.42305813E+18 -2.60837565E+17  1.02984730E+19
  11  20  1.41078325E+19  9.08372004E+18  4.30539723E+19  4.62081101E+19
  11  21 -3.36785242E+18 -1.23231514E+18 -6.16820117E+18  7.13496574E+18
  11  22 -6.61548273E+18  1.14239177E+19  1.59858350E+19  2.07320387E+19
  11  23 -1.67732179E+18 -5.19423880E+18 -4.06300961E+19  4.09951001E+19
  11  24  7.79620142E+18  3.33427353E+18  1.43628169E+19  1.66789881E+19
  12   1  2.94984949E+16  2.22992367E+18 -1.84563570E+19  1.85906037E+19
  12   2  3.78231634E+19 -1.83593276E+19 -5.36456737E+19  6.81580142E+19
  12   3 -5.17323018E+18 -1.37884962E+19 -1.94797012E+19  2.44201494E+19
  12   4  1.47252051E+19  1.31890667E+19 -4.27620594E+18  2.02254563E+19
  12   5 -6.26909645E+18 -1.09257425E+19 -6.19319468E+18  1.40367048E+19
  12   6 -1.68735979E+16 -9.56917863E+17  3.38893354E+17  1.01529563E+18
  12   7  7.83833140E+18 -1.05764500E+19 -2.97584929E+19  3.25402617E+19
  12   8 -1.45727558E+18  6.37735203E+17 -5.09553124E+18  5.33805179E+18
  12   9  1.31748886E+19 -3.46589540E+19 -5.50162676E+19  6.63446341E+19
  12  10 -6.81593284E+17 -2.98102336E+18  2.61308092E+18  4.02234528E+18
  12  11 -1.13438132E+19 -2.06960403E+19 -1.13656776E+19  2.61951676E+19
  12  12 -3.28308965E+18 -1.67485354E+18 -3.69638144E+17  3.70411183E+18
  12  13 -1.97551343E+18 -6.26337801E+18  2.62718579E+18  7.07351840E+18
  12  14 -6.05461802E+18 -6.25229884E+18  1.86864521E+18  8.90176809E+18
  12  15  1.36810530E+18 -3.38586842E+18 -3.72336107E+17  3.67075622E+18
  12  16 -7.64962284E+18 -4.33413571E+18 -1.29432016E+19  1.56469783E+19
  12  17 -1.14599091E+20  4.10749067E+19  4.74758019E+19  1.30667713E+20
  12  18  1.88451630E+18  2.18880759E+18  3.78187951E+17  2.91295494E+18
  12  19 -2.40750030E+18 -4.20763203E+18 -5.46153538E+17  4.87837151E+18
  12  20  4.88617811E+18  3.73981723E+18  2.30476857E+19  2.38549111E+19
  12  21 -1.38837945E+18 -5.40244621E+17 -3.53664363E+18  3.83761774E+18
  12  22 -3.94029192E+18  2.80913107E+18  8.31927544E+18  9.62431617E+18
  12  23  2.31408025E+18 -1.88446223E+18 -2.18411861E+19  2.20441279E+19
  12  24  2.86377053E+18  1.63356833E+18  8.01127803E+18  8.66315779E+18
  13   1  4.17467180E+18  6.13546311E+18 -2.53585900E+19  2.64221475E+19
  13   2  6.33465679E+19 -1.30850082E+19 -8.00841231E+19  1.02944023E+20
  13   3 -4.93152571E+18 -1.44025458E+19 -2.97045936E+19  3.33783785E+19
  13   4  2.44356363E+19  2.14679361E+19 -3.05616499E+18  3.26697527E+19
  13   5 -1.28423985E+18 -1.38894420E+19 -1.19182239E+19  1.83469325E+19
  13   6  1.33802043E+16 -1.58540203E+18  2.58267351E+17  1.60635633E+18
  13   7  1.21772080E+19 -6.87472976E+18 -4.58647466E+19  4.79491531E+19
  13   8 -2.53970458E+18  1.75427056E+18 -6.73971117E+18  7.41291246E+18
  13   9  2.05434054E+19 -3.19972475E+19 -8.39709299E+19  9.21790238E+19
  13  10 -1.72509538E+18 -4.80419153E+18  3.00045406E+18  5.92105859E+18
  13  11 -9.39879246E+18 -2.74753385E+19 -2.08516640E+19  3.57494533E+19
  13  12 -5.23249762E+18 -2.28131180E+18 -1.31709588E+18  5.85817006E+18
  13  13 -2.59795958E+18 -9.49062345E+18  2.11166126E+18  1.00638184E+19
  13  14 -7.70163612E+18 -1.02959158E+19  2.73139398E+17  1.28606254E+19
  13  15  1.80111432E+18 -4.05890684E+18 -6.59097817E+17  4.48922571E+18
  13  16 -6.97039544E+18 -6.74550950E+18 -2.11538210E+19  2.32717093E+19
  13  17 -1.45774779E+20  1.15568270E+19  5.27820107E+19  1.55466354E+20
  13  18  2.67632039E+18  1.14346171E+18  8.71894477E+17  3.03815659E+18
  13  19 -2.95237876E+18 -4.14940444E+18 -1.32874960E+18  5.26304789E+18
  13  20  1.84012958E+18  2.30447694E+18  3.27202909E+19  3.28529165E+19
  13  21 -1.19934840E+18 -1.78702169E+17 -5.14348753E+18  5.28449005E+18
  13  22 -5.00256604E+18 -1.91386414E+18  1.05291896E+19  1.18132288E+19
  13  23  9.75489776E+18 -1.03635042E+18 -3.07594501E+19  3.22858456E+19
  13  24  2.29243628E+18  1.14767070E+18  1.20256686E+19  1.22958984E+19
  14   1  7.73813165E+18  9.75680151E+18 -2.40359581E+19  2.70702999E+19
  14   2  6.98936959E+19  6.42927764E+18 -7.79655590E+19  1.04905161E+20
  14   3 -3.98294750E+18 -9.30374037E+18 -3.25623446E+19  3.40988232E+19
  14   4  2.56199040E+19  2.47272395E+19  3.68065002E+17  3.56083042E+19
  14   5  6.34952617E+18 -1.02819112E+19 -1.42742583E+19  1.87026370E+19
  14   6  1.44557838E+17 -1.83225757E+18 -2.98933179E+16  1.83819432E+18
  14   7  1.22452890E+19  1.73801203E+18 -5.02457889E+19  5.17455997E+19
  14   8 -3.27985685E+18  2.47087141E+18 -6.32826384E+18  7.54384449E+18
  14   9  1.93040320E+19 -1.51195256E+19 -8.91412941E+19  9.24522364E+19
  14  10 -2.18488406E+18 -5.51548822E+18  2.26947610E+18  6.35175963E+18
  14  11 -2.48706418E+18 -2.40998741E+19 -2.59500570E+19  3.55020404E+19
  14  12 -5.65914586E+18 -2.41159510E+18 -1.99211067E+18  6.46608288E+18
  14  13 -2.27681163E+18 -9.83771658E+18  2.24729612E+17  1.01002496E+19
  14  14 -6.39611119E+18 -1.13676047E+19 -1.89101803E+18  1.31798568E+19
  14  15  1.73174272E+18 -3.23476596E+18 -7.65072255E+17  3.74806339E+18
  14  16 -2.33015055E+18 -5.98971610E+18 -2.29776172E+19  2.38595305E+19
  14  17 -1.27463867E+20 -3.41634749E+19  3.50158143E+19  1.36529438E+20
  14  18  3.06161913E+18 -9.00242272E+17  1.08212881E+18  3.36971076E+18
  14  19 -2.77108627E+18 -2.51841573E+18 -2.01878415E+18  4.25403647E+18
  14  20 -2.60561818E+18 -1.92539386E+18  3.25793353E+19  3.27400286E+19
  14  21 -5.32618910E+17  5.64943598E+17 -5.36585625E+18  5.42173934E+18
  14  22 -3.84549410E+18 -7.58184033E+18  9.22053846E+18  1.25415492E+19
  14  23  1.53939034E+19  2.13902916E+18 -3.03586184E+19  3.41056215E+19
  14  24  6.94806436E+17 -2.08697193E+17  1.26759709E+19  1.26967141E+19
  15   1  6.51082762E+18  8.59268306E+18 -1.54173960E+19  1.88127929E+19
  15   2  4.90379705E+19  1.32649975E+19 -5.21041133E+19  7.27703328E+19
  15   3 -2.19492253E+18 -3.62394088E+18 -2.46302389E+19  2.49919847E+19
  15   4  1.79216951E+19  1.83590165E+19  1.81100932E+18  2.57200388E+19
  15   5  7.46559242E+18 -4.40486902E+18 -1.05554642E+19  1.36585419E+19
  15   6  1.66365697E+17 -1.39250213E+18 -2.33793036E+17  1.42175909E+18
  15   7  7.66573000E+18  4.58066558E+18 -3.72705743E+19  3.83254696E+19
  15   8 -2.74275260E+18  1.96309085E+18 -4.02004483E+18  5.24758782E+18
  15   9  1.19321008E+19 -3.54155481E+18 -6.50681233E+19  6.62478551E+19
  15  10 -1.95857967E+18 -4.26926356E+18  1.14568825E+18  4.83479547E+18
  15  11  1.59923472E+18 -1.44525925E+19 -2.05561817E+19  2.51791896E+19
  15  12 -4.09538233E+18 -1.65129267E+18 -1.71807912E+18  4.73821905E+18
  15  13 -1.35282356E+18 -7.04032578E+18 -8.02283178E+17  7.21387392E+18
  15  14 -3.59441639E+18 -8.31872412E+18 -2.22275238E+18  9.33068209E+18
  15  15  9.83428341E+17 -2.02453089E+18 -7.60725368E+17  2.37582822E+18
  15  16  7.47871726E+17 -3.31187601E+18 -1.61098965E+19  1.64637967E+19
  15  17 -7.95210279E+19 -4.90768178E+19  1.26225869E+19  9.42945259E+19
  15  18  2.44847392E+18 -1.57319939E+18  1.02291467E+18  3.08485579E+18
  15  19 -1.99053809E+18 -9.98252890E+17 -1.70802358E+18  2.80643818E+18
  15  20 -3.85417283E+18 -3.55914269E+18  2.28638883E+19  2.34580377E+19
  15  21 -1.01541404E+17  7.80886121E+17 -3.71987928E+18  3.80231451E+18
  15  22 -1.34013155E+18 -7.96405376E+18  6.23837748E+18  1.02048742E+19
  15  23  1.29407118E+19  3.13301559E+18 -2.04112259E+19  2.43699806E+19
  15  24 -4.28330297E+16 -9.22118716E+17  9.01467762E+18  9.06181826E+18
  16   1  1.28697381E+19  2.05675872E+19 -3.22460660E+19  4.03542387E+19
  16   2  9.98259221E+19  4.88210668E+19 -1.01183522E+20  1.50289110E+20
  16   3 -5.09023761E+18 -6.74529923E+18 -5.23317066E+19  5.30095944E+19
  16   4  2.68588045E+19  4.17593903E+19  5.00901096E+18  4.99032289E+19
  16   5  1.84875806E+19 -6.33318803E+18 -2.22216834E+19  2.95922814E+19
  16   6  9.70263167E+17 -2.93848046E+18 -7.33084915E+17  3.18017162E+18
  16   7  1.51866290E+19  1.54743596E+19 -7.98092019E+19  8.27018634E+19
  16   8 -6.32693323E+18  3.42288878E+18 -8.35512630E+18  1.10251706E+19
  16   9  2.20465743E+19  3.27038627E+18 -1.25019448E+20  1.26990587E+20
  16  10 -2.53776072E+18 -9.21074272E+18  2.36485940E+18  9.84228484E+18
  16  11  8.92714556E+18 -2.63558943E+19 -4.48406205E+19  5.27731782E+19
  16  12 -7.61001680E+18 -4.75333012E+18 -3.50709535E+18  9.63359854E+18
  16  13 -1.43384078E+18 -1.40466394E+19 -2.42132481E+18  1.43257387E+19
  16  14 -5.19995784E+18 -1.75737039E+19 -4.56121888E+18  1.88859563E+19
  16  15  3.00726841E+18 -2.83229528E+18 -7.11603016E+17  4.19188964E+18
  16  16  3.24251869E+18 -5.02168920E+18 -3.07154671E+19  3.12917115E+19
  16  17 -1.37076962E+20 -1.02534906E+20  2.39847948E+19  1.72854769E+20
  16  18  5.79936833E+18 -3.50926838E+18  1.52507984E+18  6.94791379E+18
  16  19 -3.64974463E+18 -1.64998156E+18 -4.01374182E+18  5.67037904E+18
  16  20 -8.00718413E+18 -9.73595730E+18  4.47637855E+19  4.65048422E+19
  16  21  5.42469219E+15  1.86249843E+18 -7.91977043E+18  8.13582777E+18
  16  22 -1.02532067E+18 -1.64367673E+19  9.10070251E+18  1.88159875E+19
  16  23  2.55646995E+19  1.12545794E+19 -4.26794261E+19  5.10073801E+19
  16  24 -5.92118882E+17 -2.08203030E+18  1.85617599E+19  1.86875463E+19
  17   1  2.23338730E+18  3.61171880E+18 -6.09315396E+18  7.42691435E+18
  17   2  2.20991383E+19 -1.40410164E+18 -2.78890031E+19  3.56109521E+19
  17   3  1.00362779E+18 -1.80653750E+18 -1.62313829E+19  1.63624154E+19
  17   4  1.10573776E+19  7.73407415E+18 -8.00480102E+16  1.34939954E+19
  17   5  2.63582781E+18 -1.76780453E+18 -4.27382429E+18  5.32337254E+18
  17   6 -3.44009175E+15 -9.99812556E+17 -2.71192729E+17  1.03594521E+18
  17   7  3.03118502E+18 -1.71365721E+18 -2.40817770E+19  2.43322150E+19
  17   8 -1.64846805E+18  1.14706539E+18 -1.58388067E+18  2.55771068E+18
  17   9  6.29160167E+18 -5.57075559E+18 -3.59681203E+19  3.69367466E+19
  17  10 -1.83480516E+18 -2.28938900E+18  5.16187440E+17  2.97896987E+18
  17  11  3.98423473E+17 -7.90902061E+18 -1.13978993E+19  1.38788853E+19
  17  12 -2.35406168E+18 -4.27252076E+17 -7.70182757E+17  2.51343037E+18
  17  13 -5.21339391E+17 -4.12338303E+18 -3.46801400E+17  4.17065386E+18
  17  14 -1.78971354E+18 -4.28684284E+18 -8.07201423E+17  4.71504722E+18
  17  15  1.77596700E+17 -1.85818404E+18 -6.88059515E+17  1.98942565E+18
  17  16  6.29039056E+17 -1.32908353E+18 -6.75970166E+18  6.91778286E+18
  17  17 -2.67608336E+18 -1.07342824E+18  8.96302037E+17  3.01944162E+18
  17  18  1.13903666E+18 -6.71438451E+17  3.64364336E+17  1.37149389E+18
  17  19 -1.63564987E+18 -7.10187715E+17 -9.99720476E+17  2.04429893E+18
  17  20 -2.10562327E+18 -1.13062715E+18  1.12568217E+19  1.15077366E+19
  17  21 -1.60746428E+17  3.04452666E+17 -1.37975542E+18  1.42206043E+18
  17  22  5.90666475E+17 -3.35573335E+18  2.73584385E+18  4.36974539E+18
  17  23  5.34152988E+18  5.61925668E+17 -8.09930774E+18  9.71835829E+18
  17  24  7.34270064E+17 -4.10488374E+17  4.04801660E+18  4.13450017E+18
  18   1  7.18345658E+18  2.21324636E+19 -4.71313338E+19  5.25624450E+19
  18   2  1.13741390E+20  6.06402317E+19 -1.00764213E+20  1.63608582E+20
  18   3  2.62893529E+18 -2.91318919E+19 -8.43597438E+19  8.92868681E+19
  18   4  1.37819443E+19  4.76857201E+19  1.09840354E+18  4.96495355E+19
  18   5  1.63196046E+19 -1.51850868E+19 -1.82463455E+19  2.88070387E+19
  18   6  3.01238917E+18 -4.63318761E+18 -7.36745321E+17  5.57527664E+18
  18   7  3.67644364E+19  9.03278774E+18 -1.33649796E+20  1.38908182E+20
  18   8 -8.32570343E+18  1.01691228E+18 -1.28949201E+19  1.53827960E+19
  18   9  5.04988207E+19 -1.10105361E+19 -1.67000613E+20  1.74815810E+20
  18  10 -8.15023128E+16 -1.07214056E+19  4.36517585E+18  1.15762663E+19
  18  11  1.95619748E+19 -3.77008612E+19 -5.50637779E+19  6.95416812E+19
  18  12 -6.58599839E+18 -8.47020731E+18 -2.65357004E+18  1.10526567E+19
  18  13  2.23236102E+18 -1.93531627E+19 -6.05459552E+17  1.94908934E+19
  18  14 -3.88247956E+18 -2.42219358E+19 -1.74350040E+17  2.45317390E+19
  18  15  7.57302828E+18 -2.51971131E+18  1.27391823E+17  7.98222595E+18
  18  16  7.11441646E+17 -6.79562221E+18 -3.23510185E+19  3.30647097E+19
  18  17 -1.51604265E+20 -4.86050796E+19 -2.35362875E+18  1.59222632E+20
  18  18  6.91514902E+18 -7.79954787E+17  5.45487977E+17  6.98034186E+18
  18  19 -2.98408167E+18 -6.37223872E+18 -6.40466378E+18  9.51471954E+18
  18  20 -5.02193301E+18 -5.68027385E+18  6.19734255E+19  6.24354930E+19
  18  21 -5.79055488E+17  5.87757360E+17 -1.20042981E+19  1.20326197E+19
  18  22 -6.45311458E+18 -1.28423493E+19  7.94069664E+18  1.64202097E+19
  18  23  1.92583062E+19  1.15710584E+19 -6.05295220E+19  6.45646558E+19
  18  24  7.54486469E+17  2.00176294E+18  2.52310164E+19  2.53215421E+19
  19   1  4.87710765E+17 -2.24576190E+18  7.43213227E+18  7.77932506E+18
  19   2  4.91175219E+18 -3.02893437E+19 -3.98271695E+18  3.09423930E+19
  19   3  4.61514294E+18  1.92500838E+18 -8.91777565E+17  5.07941620E+18
  19   4  1.06608434E+19 -4.00543467E+18 -1.53814170E+17  1.13895017E+19
  19   5 -4.09529760E+18  3.59615563E+17  5.11808863E+17  4.14279303E+18
  19   6 -1.46869276E+18 -9.51294831E+17 -2.02298119E+17  1.76151776E+18
  19   7 -7.67382171E+18 -1.49062311E+19  3.21636486E+18  1.70712703E+19
  19   8 -2.36334461E+17  1.97107875E+18  1.87368549E+18  2.72978071E+18
  19   9 -7.65887965E+18 -1.23161494E+19  8.70205427E+18  1.69136549E+19
  19  10 -2.92876114E+18  1.41999993E+17 -6.56438412E+17  3.00478239E+18
  19  11 -8.91470103E+18 -1.84756667E+18  3.30677643E+18  9.68608112E+18
  19  12 -1.32530128E+18  2.14658872E+18 -3.24948720E+17  2.54359161E+18
  19  13 -2.28542404E+18  2.86579769E+17  5.73828598E+17  2.37372498E+18
  19  14 -1.44118502E+18  1.52805137E+18 -3.49869745E+17  2.12940463E+18
  19  15 -2.00661406E+18 -2.80411347E+18  1.94407912E+16  3.44817782E+18
  19  16  3.59275502E+17 -2.34650243E+17  1.98726444E+18  2.03306654E+18
  19  17  4.52708804E+19  4.42675310E+19  4.76030734E+17  6.33189823E+19
  19  18 -8.60843606E+17 -3.47841696E+17 -1.01233951E+17  9.33966740E+17
  19  19 -2.91673719E+18  5.98978856E+17  8.15140314E+17  3.08716460E+18
  19  20 -5.83484483E+17  9.47688399E+17 -5.77363878E+18  5.87992110E+18
  19  21 -1.07199061E+17  4.27553063E+17  2.91261570E+18  2.94578062E+18
  19  22  3.14660771E+18  2.22388364E+18 -1.09358336E+18  4.00533683E+18
  19  23  1.97871479E+18 -3.67279731E+18  1.24474139E+19  1.31279421E+19
  19  24  1.57757030E+18 -1.06046904E+18 -3.71816306E+18  4.17589023E+18
  20   1 -6.97933708E+18  9.81049641E+18 -7.13853387E+19  7.23935326E+19
  20   2  1.19902823E+20  6.88883515E+19 -1.05611944E+20  1.74000502E+20
  20   3  3.42496999E+19 -1.00497264E+20 -1.00455982E+20  1.46164792E+20
  20   4 -6.18636649E+18  4.39119407E+19 -9.51925424E+18  4.53557699E+19
  20   5  6.31307756E+18 -4.07956364E+19 -4.16854678E+18  4.14911518E+19
  20   6  1.00143652E+19 -7.36157477E+18  2.25379486E+18  1.26317015E+19
  20   7  1.31636126E+20 -2.16590528E+19 -2.58983967E+20  2.91324354E+20
  20   8 -7.58107757E+18 -5.15499152E+18 -2.45384442E+19  2.61950744E+19
  20   9  1.16091478E+20 -4.85147257E+19 -2.05188418E+20  2.40693159E+20
  20  10  4.82357273E+18 -9.03764484E+18  7.81830308E+18  1.28868825E+19
  20  11  3.99341608E+19 -5.17430368E+19 -5.76919362E+19  8.71804941E+19
  20  12 -2.56329146E+18 -1.19095062E+19  6.71600339E+17  1.22007314E+19
  20  13  1.01767168E+19 -2.58441323E+19  6.85061044E+18  2.86079639E+19
  20  14 -1.38516976E+18 -3.26040919E+19  1.21038281E+19  3.48058639E+19
  20  15  1.51430712E+19  8.17892018E+17  4.25613736E+17  1.51711140E+19
  20  16 -4.30271161E+18 -1.10601330E+19 -2.82344232E+19  3.06271534E+19
  20  17 -1.98295808E+20 -2.82839357E+19 -7.28947564E+18  2.00435389E+20
  20  18  2.63976126E+18  4.67632635E+18 -2.68037829E+18  6.00173270E+18
  20  19  3.94001360E+18 -1.82324964E+19 -9.27612038E+18  2.08325236E+19
  20  20  4.78777646E+18  9.16770111E+18  8.04684116E+19  8.11303570E+19
  20  21 -2.14796976E+18 -5.14804793E+18 -1.94335482E+19  2.02182830E+19
  20  22 -2.70500464E+19 -6.35053253E+18  1.04488753E+18  2.78051445E+19
  20  23  6.21358839E+17 -4.10935165E+18 -8.85892681E+19  8.86867029E+19
  20  24  5.09037762E+17  1.48567123E+19  3.33417170E+19  3.65054943E+19
  21   1  6.37294590E+18 -9.41707337E+17  3.08813847E+19  3.15461752E+19
  21   2 -7.05102423E+18 -5.81960492E+19  2.21329811E+19  6.26607208E+19
  21   3  2.91897488E+18  1.22642152E+19  4.17493206E+18  1.32801147E+19
  21   4  1.67821684E+19 -1.16305261E+19  4.66963833E+18  2.09455445E+19
  21   5 -7.38746872E+18  1.06343241E+19 -2.49518476E+18  1.31867164E+19
  21   6 -9.50855861E+18 -3.25631727E+18 -1.91378994E+18  1.02312698E+19
  21   7 -9.37832163E+19 -2.27208542E+19  1.00848037E+20  1.39577417E+20
  21   8 -1.27006073E+18  6.96028345E+18  1.05000839E+19  1.26613728E+19
  21   9 -6.75678428E+19 -2.40313140E+18  8.23410204E+19  1.06542161E+20
  21  10 -6.32133755E+18  1.58535902E+18 -3.18888079E+18  7.25545535E+18
  21  11 -2.87744103E+19  4.42703054E+18  2.04182235E+19  3.55593748E+19
  21  12 -2.50466022E+18  5.98455886E+18 -1.70946749E+18  6.70898999E+18
  21  13 -9.97689444E+18  7.76926149E+18 -2.13726197E+18  1.28244975E+19
  21  14 -2.42922005E+18  1.11773572E+19 -5.62899219E+18  1.27483323E+19
  21  15 -7.89969049E+18 -7.07693383E+18  1.89052218E+18  1.07732157E+19
  21  16  2.36926650E+18  2.24311276E+18  7.92897968E+18  8.57401291E+18
  21  17  7.66483772E+19  5.90086076E+19  4.47949733E+18  9.68351971E+19
  21  18 -7.04278707E+17 -2.74918808E+18  9.38038773E+17  2.98897312E+18
  21  19 -1.17087286E+19  6.43430801E+18  3.99959662E+18  1.39460180E+19
  21  20 -3.94601451E+18 -3.85951055E+18 -3.00916763E+19  3.05937222E+19
  21  21  1.21986967E+18  4.35975768E+18  1.18803795E+19  1.27137322E+19
  21  22  1.55921869E+19  6.98500895E+18 -6.92867380E+17  1.70993190E+19
  21  23  1.42478715E+19  3.46174412E+18  5.62436508E+19  5.81234356E+19
  21  24  3.91259049E+18 -9.67689347E+18 -1.78154834E+19  2.06480527E+19
  22   1 -2.18181856E+19 -1.69185430E+18 -1.02932154E+20  1.05232713E+20
  22   2  1.14520397E+20  1.00800188E+20 -9.20444604E+19  1.78179073E+20
  22   3  5.45518308E+19 -8.12066155E+19  3.19577563E+19  1.02916057E+20
  22   4 -2.01905093E+19  3.39780460E+19 -1.27855701E+19  4.15407640E+19
  22   5  3.19843168E+18 -6.22654997E+19  2.63750419E+19  6.76968630E+19
  22   6  4.30158445E+19  9.12177814E+18  1.66105552E+19  4.70051088E+19
  22   7  5.23165960E+20  1.62111284E+20 -8.55684535E+20  1.01596196E+21
  22   8 -3.97753049E+18 -1.68439764E+19 -5.29641913E+19  5.57202464E+19
  22   9  2.16503321E+20 -7.16167211E+19 -2.87025693E+20  3.66587495E+20
  22  10  9.06030133E+18 -7.35682957E+18  8.42852173E+18  1.43962488E+19
  22  11  6.27371632E+19 -3.82144048E+19 -6.40072226E+19  9.74331409E+19
  22  12  2.26026173E+18 -1.35829424E+19  3.63895035E+18  1.42424389E+19
  22  13  2.27333775E+19 -3.69872175E+19  1.59855420E+19  4.62644384E+19
  22  14  5.50749256E+18 -4.74770601E+19  2.59442847E+19  5.43829901E+19
  22  15  1.84471271E+19  9.76820383E+18  5.14499109E+17  2.08801105E+19
  22  16 -4.53268308E+18 -1.02124520E+19 -2.31635733E+19  2.57175139E+19
  22  17 -1.55241995E+20 -3.91548867E+19 -1.51530101E+19  1.60819140E+20
  22  18 -1.09924274E+18  5.59336817E+18 -5.71038007E+18  8.06861467E+18
  22  19  2.03160658E+19 -3.48570048E+19 -2.03273590E+19  4.51769281E+19
  22  20  1.15383783E+19  1.46259774E+19  8.87019292E+19  9.06371096E+19
  22  21 -4.72481476E+18 -1.44033583E+19 -3.55935654E+19  3.86869811E+19
  22  22 -3.21014248E+19 -1.24069368E+19 -1.02995005E+19  3.59237145E+19
  22  23 -1.23581013E+19 -2.19920579E+19 -1.25848113E+20  1.28351551E+20
  22  24 -7.95063178E+18  2.70375437E+19  4.49110880E+19  5.30211952E+19
  23   1  1.97888619E+19 -2.67410588E+18  6.55493806E+19  6.85235083E+19
  23   2 -2.59021764E+19 -8.26931259E+19  2.51058890E+19  9.02185207E+19
  23   3 -3.45678618E+18 -4.35576932E+18 -1.66577230E+19  1.75613733E+19
  23   4  2.30359053E+19 -1.69999906E+19  5.34604524E+18  2.91244366E+19
  23   5 -1.03765922E+19  2.37626832E+19 -2.15453945E+19  3.37126505E+19
  23   6 -5.63011954E+19 -6.78017559E+19  1.62384842E+19  8.96135653E+19
  23   7 -5.66218061E+20  1.61679529E+21 -1.83966262E+21  2.51375982E+21
  23   8 -7.13821043E+18  2.01887711E+19  3.86938882E+19  4.42239472E+19
  23   9 -3.49403286E+20  9.59445066E+19  2.41038944E+20  4.35187060E+20
  23  10 -1.07132708E+19  4.99628289E+18 -2.95190934E+18  1.21840380E+19
  23  11 -5.64831857E+19 -5.58761584E+18  4.97631136E+19  7.54846951E+19
  23  12 -5.87847169E+18  1.11071745E+19 -2.68748412E+18  1.28510049E+19
  23  13 -2.31720849E+19  2.88874460E+19 -1.26243958E+19  3.91255086E+19
  23  14 -8.87252125E+18  3.44664976E+19 -1.47773307E+19  3.85360946E+19
  23  15 -1.35773732E+19 -2.35569788E+19  1.50181102E+18  2.72310806E+19
  23  16  2.67588053E+18  3.18445184E+18  1.17533849E+19  1.24676833E+19
  23  17  6.06911022E+19  4.87151582E+19  1.74186805E+19  7.97495264E+19
  23  18 -4.97233644E+17 -5.18753890E+18  3.92632230E+18  6.52486075E+18
  23  19 -4.31757661E+19  1.37676445E+19  8.76637330E+18  4.61578175E+19
  23  20 -6.25484073E+18 -4.03882496E+18 -4.74813828E+19  4.80615944E+19
  23  21  6.55253202E+18  1.10051963E+19  2.94149625E+19  3.20825504E+19
  23  22  2.11827961E+19  1.89547097E+19  1.31574248E+19  3.13226707E+19
  23  23  3.89727355E+19  1.75265400E+19  1.64211697E+20  1.69680686E+20
  23  24  2.02089446E+19 -2.82882444E+19 -5.86987998E+19  6.82215165E+19
  24   1 -3.45698221E+19  2.10141166E+19 -1.43477215E+20  1.49071718E+20
  24   2  1.15623689E+20  1.69884229E+20 -6.14775280E+19  2.14497028E+20
  24   3  2.45638467E+19  3.33147217E+18  5.31663479E+19  5.86612463E+19
  24   4 -2.50675044E+19  2.13172795E+19 -4.91530795E+18  3.32711050E+19
  24   5  2.33850782E+19 -6.72228020E+19  9.71164949E+19  1.20405069E+20
  24   6 -8.72167993E+18  2.52139005E+19  2.00778042E+18  2.67551801E+19
  24   7 -7.74820025E+19  1.60431137E+20 -1.19444096E+20  2.14495927E+20
  24   8 -3.15862977E+18 -8.69827703E+19 -2.65069288E+20  2.78994097E+20
  24   9  1.93651982E+20  1.06366490E+19 -3.00969366E+20  3.58045790E+20
  24  10  1.00255129E+19 -7.81244586E+18  3.24753597E+18  1.31183730E+19
  24  11  4.04971072E+19  4.82483740E+18 -5.22642579E+19  6.62936453E+19
  24  12  6.34290989E+18 -1.20311215E+19  3.44757514E+18  1.40309004E+19
  24  13  4.24731250E+19 -6.57235101E+19  1.50817310E+19  7.96931913E+19
  24  14  1.73800957E+19 -7.26546863E+19  2.56552343E+19  7.89871016E+19
  24  15  7.58537468E+18  1.26731127E+19  3.09790777E+18  1.50911473E+19
  24  16 -9.76562923E+17 -2.60241262E+18 -1.46618376E+19  1.49229926E+19
  24  17 -6.82322470E+19 -3.03566601E+19 -1.38975581E+19  7.59625465E+19
  24  18  1.14139621E+18  2.46324230E+18 -5.21093234E+18  5.87572666E+18
  24  19  3.65744278E+19 -5.69286304E+19 -8.85381027E+19  1.11434076E+20
  24  20  1.35759439E+18  1.29599446E+18  5.34786634E+19  5.35115885E+19
  24  21 -8.44023674E+18 -2.50943979E+19 -8.60486045E+19  9.00295993E+19
  24  22 -9.98365840E+18 -7.99366737E+18 -1.09591129E+19  1.68426337E+19
  24  23 -9.73910746E+18 -6.46331253E+18 -1.27601803E+20  1.28136040E+20
  24  24 -1.58539412E+19  1.44264754E+19  4.49238676E+19  4.97757423E+19
